60.00 4254.00
61.00 4206.00
62.00 4190.00
63.00 3826.00
64.00 3778.00
65.00 3598.00
66.00 3538.00
67.00 3490.00
68.00 3474.00
69.00 3346.00
70.00 3298.00
71.00 3282.00
72.00 3182.00
73.00 3122.00
74.00 3110.00
75.00 3044.00
76.00 2930.00
78.00 2890.00
79.00 2792.00
81.00 2752.00
82.00 2728.00
83.00 2720.00
84.00 2696.00
87.00 2680.00
88.00 2672.00
89.00 2648.00
93.00 2626.00
96.00 2606.00
97.00 2598.00
98.00 2574.00
101.00 2570.00
103.00 2558.00
104.00 2534.00
106.00 2518.00
114.00 2502.00
123.00 2490.00
132.00 2482.00
