738 -410 25
890 -285 -9
963 -358 -354
886 -875 804
521 121 -348
598 245 -304
565 -31 66
188 774 -472
350 -340 51
874 110 -704
22 125 74
827 24 42
347 500 -35
993 -982 734
237 285 -43
110 30 10
521 443 -144
428 154 258
481 -281 283
368 268 -184
742 -716 951
522 -97 43
312 -16 194
646 115 -287
710 -337 567
678 -215 138
823 -203 48
81 720 188
481 -196 402
638 -280 358
972 -335 -25
799 -632 180
980 -503 314
354 248 -121
538 -482 923
762 -195 174
67 318 335
698 -591 573
237 61 -49
465 -365 569
111 885 -799
323 629 -475
214 32 -110
374 244 -111
180 -124 703
155 144 205
767 -115 -233
184 679 -850
438 109 -492
690 236 -849
130 131 234
218 261 -209
52 570 -296
556 -407 128
87 437 355
292 563 -262
389 402 -99
382 351 -337
404 -100 -194
136 785 -555
553 176 39
557 -288 183
721 238 -64
776 -711 884
354 89 92
197 623 -33
916 -79 -252
111 119 226
691 252 -96
248 562 -609
537 405 -613
550 -121 -87
41 867 -343
894 -804 611
878 -70 55
120 377 308
281 614 -515
221 10 625
541 352 -224
424 391 49
610 -53 -517
361 253 -268
346 -307 389
89 528 -15
244 -176 264
622 246 -408
479 -290 51
646 162 -782
752 -341 574
499 470 -82
821 -711 481
388 218 -246
233 142 32
249 644 -26
294 -122 -47
837 -721 -62
106 574 -121
677 156 -775
880 -245 -520
830 -405 145
521 -390 830
354 21 335
147 247 7
643 -560 592
676 -266 33
411 -285 754
502 371 -481
594 -111 441
122 703 -198
608 -8 -133
766 197 -943
870 -651 -150
437 -298 636
247 551 42
968 -770 -101
254 -68 502
638 -121 -332
790 -8 -698
497 273 -133
861 -122 176
32 472 72
558 -539 548
698 -27 -417
819 -410 -216
497 372 -561
874 -389 282
609 -214 -182
820 -141 -521
485 143 29
688 -391 300
718 -92 -80
727 -264 259
301 65 258
447 173 -54
402 356 -725
82 86 -74
15 366 -76
411 152 -22
614 -414 212
540 377 -583
719 122 116
757 -399 160
770 -618 122
395 408 -477
942 14 -578
566 304 -287
268 -73 213
896 -758 806
329 87 -137
86 5 872
35 656 -245
920 -416 461
693 98 -212
31 547 -347
700 -288 -312
933 -468 -39
864 -477 525
152 542 -518
404 519 -541
861 -547 -229
595 45 101
0 950 -106
454 323 -691
129 575 -136
14 650 -533
447 -392 218
759 -517 630
496 -436 522
451 467 -479
68 151 -175
711 -64 -340
149 116 491
400 204 -43
899 22 -45
234 -7 82
703 -439 554
614 -493 -30
405 432 56
255 253 -477
416 130 112
262 551 1
92 527 -490
576 -328 338
873 -410 209
590 154 -519
799 -448 -315
922 -375 47
379 188 -236
704 -229 455
827 -659 399
302 624 -757
233 157 525
307 281 -211
788 -486 -229
385 465 -284
45 423 329
261 611 -358
835 -714 504
257 205 -118
888 -19 -490
72 724 -545
431 -211 362
256 -235 599
830 48 -167
732 -191 362
289 -193 291
493 -201 490
561 8 184
637 -444 545
27 226 208
976 -869 -76
197 708 -147
389 201 -170
650 3 -358
253 124 378
133 116 308
45 701 120
612 -258 623
733 -183 343
325 -236 428
159 115 -231
899 -720 681
816 -69 -629
735 203 -185
583 -96 232
403 8 206
6 550 192
930 -574 -245
650 252 -360
577 -159 369
592 -150 509
320 125 304
894 -350 -273
725 -486 172
522 400 -97
974 -282 -495
436 542 -98
673 -516 422
467 -72 34
874 -756 13
587 130 -152
106 338 129
679 -625 346
536 224 -643
510 483 -758
623 -212 514
324 -134 305
182 743 -67
768 -603 810
632 -181 -343
235 -88 405
850 -553 5
150 76 439
161 534 -201
809 25 -677
304 -273 694
381 493 -836
303 108 4
86 154 382
993 -602 -144
869 -834 451
434 -424 440
580 34 -104
688 -85 377
861 -724 778
45 -18 895
212 299 345
886 -122 -213
472 299 -344
354 180 431
197 490 -389
73 814 -679
504 181 -279
417 170 -541
885 -750 154
17 292 168
201 597 -364
666 -399 -105
860 43 -776
100 495 -219
704 114 -675
426 320 -429
270 358 190
19 556 -231
213 -74 579
891 -511 -326
497 -150 571
708 -465 742
54 142 299
887 96 -750
896 -236 -623
121 829 -761
918 -303 -492
422 -302 396
854 -572 563
489 479 -584
381 -149 -51
662 -548 -78
302 132 -392
622 -585 249
880 -735 71
892 -304 -315
841 -575 -54
959 -674 -253
819 -515 -92
680 -47 -34
81 76 159
367 -260 348
349 569 -292
925 -399 72
357 88 -163
566 -234 140
653 -148 41
433 -11 207
949 -182 -365
879 -454 -184
660 -7 -259
930 -873 818
217 565 -598
242 110 -181
418 4 411
659 -541 321
140 533 -64
419 340 -733
572 245 -622
118 784 -101
701 225 -763
819 -224 -298
717 -480 490
954 -384 -530
504 -372 507
685 -110 -486
475 -87 267
638 -263 535
450 -350 209
932 -709 684
429 33 -174
255 593 -599
259 228 -464
299 292 253
156 173 361
103 852 -608
664 -586 828
789 -78 -486
183 290 312
39 474 -149
585 85 203
623 -454 298
578 -107 76
143 336 495
959 -380 170
875 -470 384
913 -481 20
67 519 -120
98 525 186
206 -2 512
688 -502 766
816 -382 -328
529 370 -753
837 -793 267
134 641 -214
776 -691 738
499 -198 65
796 -769 188
923 -768 -34
202 140 -74
885 -90 -224
455 -337 43
391 178 24
606 -568 37
380 67 -332
508 -489 591
364 242 -132
160 556 -53
212 -201 474
881 -837 694
949 -530 -145
963 -674 384
761 -369 -360
730 -412 351
137 528 -54
880 -786 25
301 -251 129
334 85 339
442 111 15
663 -662 577
947 -69 -71
19 466 -320
666 -104 -184
142 119 -46
867 -140 -407
535 -156 -33
288 326 -341
783 -198 -16
774 -112 -93
122 806 -758
662 -495 630
215 -44 786
204 -68 87
56 65 25
454 -280 265
909 -584 505
211 9 4
603 235 -779
30 591 14
312 119 123
90 235 496
248 -100 529
609 182 -471
637 234 -330
29 288 55
361 -160 -66
351 21 -154
55 455 479
403 512 -257
484 197 -588
374 27 421
407 349 -582
206 161 -134
74 382 459
218 -66 39
206 577 -424
826 -14 -286
507 -338 105
531 281 -699
345 -267 519
481 244 -367
47 655 -677
445 530 -443
333 367 98
510 37 22
400 488 -882
533 -181 370
444 -305 350
184 526 -264
175 137 125
754 -370 339
103 15 591
736 -230 -482
669 137 -613
977 -797 396
829 -675 -67
446 -129 -301
588 -555 223
709 -149 174
834 -35 -783
384 150 -386
252 195 -147
934 -733 236
203 120 -140
59 445 -392
106 453 -175
600 -140 -75
146 21 284
407 321 -116
174 775 -654
374 -272 578
469 -351 637
813 -554 675
173 416 207
336 396 249
237 -75 368
795 -471 668
447 -172 -133
235 -150 142
667 -442 476
771 74 -577
801 25 -192
215 749 -96
797 -310 80
712 -28 66
446 -372 155
30 436 -342
19 329 380
338 486 -278
538 -156 -12
546 250 5
179 245 -111
876 -432 -292
399 79 -36
575 -342 525
60 354 486
731 -232 -335
764 126 -728
611 284 -743
657 -218 -285
496 429 -883
27 964 -893
27 644 -208
803 -700 -74
697 128 136
546 -524 349
407 15 -190
165 -144 386
940 0 -286
524 -345 29
95 782 -484
675 -573 76
181 164 530
505 377 -706
871 -603 362
219 495 -697
697 -303 39
20 188 315
208 466 -583
559 -52 437
236 522 -282
483 -10 515
280 -31 -222
769 -222 197
471 -188 -30
53 -16 34
684 236 -904
624 268 -206
645 -599 223
911 -16 -412
900 -275 97
154 699 -272
799 -542 -202
688 152 -679
392 61 79
635 272 -211
29 441 96
966 -254 -130
113 -21 89
542 126 -303
176 97 -16
24 207 -42
810 -433 -133
434 -62 323
821 -403 -38
990 -115 -642
256 542 42
911 -78 26
724 -145 -460
662 -157 25
574 238 -318
905 -744 189
401 430 -587
913 -569 -154
565 49 140
380 -126 -170
810 -173 -593
869 -281 175
36 403 -412
720 -625 405
265 138 135
396 -20 610
124 61 112
615 -557 233
211 779 -553
77 698 215
534 -6 322
662 -110 -145
978 -409 -66
378 -350 801
920 6 -537
424 -71 -28
855 -546 45
171 -140 527
540 445 -596
89 88 684
676 -76 221
713 -399 -166
915 -793 712
746 -104 -462
712 -655 577
477 -249 -194
194 445 -404
993 -541 406
907 -896 440
297 397 -694
675 -415 340
508 286 -700
188 772 -459
408 227 251
870 -457 314
813 160 -838
488 -407 860
747 -495 163
16 464 -204
39 127 663
909 -882 255
715 -671 299
909 -412 -3
986 -683 336
679 -459 766
14 747 231
834 -196 353
52 806 -739
450 524 -469
556 128 -410
837 -521 -225
193 13 213
392 524 -750
809 -48 -624
776 -367 507
853 -822 950
701 118 -243
632 -486 161
754 74 -256
95 741 145
721 106 -667
558 -526 587
656 -110 -166
208 438 104
485 -367 186
757 -106 181
123 24 562
773 -54 264
785 -633 292
243 -143 126
859 -150 -73
914 -234 -261
260 -116 87
186 214 142
972 -564 490
352 615 -28
540 -230 -150
481 -266 608
712 -407 250
992 -400 -494
784 54 -489
299 498 -405
949 -282 -165
168 59 183
891 -711 -99
399 104 89
238 189 468
382 504 -409
316 181 -335
896 98 -580
639 -140 -386
427 -416 588
387 -326 536
62 2 285
868 -363 214
26 658 -441
6 839 -561
141 470 -362
587 -122 451
346 -205 358
524 -117 233
308 235 204
244 -107 647
56 514 -534
680 -83 174
441 -343 528
341 647 -607
376 594 -753
938 -651 42
676 -558 60
649 -39 -456
70 285 -60
801 -462 501
657 -479 280
819 -270 -190
616 -64 153
597 332 -309
818 -477 -332
319 -312 307
743 -487 -155
68 527 252
636 144 -339
697 -407 63
542 -487 64
650 336 -306
929 -620 594
449 480 -25
298 640 -493
102 -47 460
311 149 117
54 48 6
450 372 -83
881 -449 385
423 206 -451
306 625 -531
1 193 375
546 -104 -274
265 97 600
254 463 130
387 355 171
751 -200 -58
406 -319 539
359 167 -163
364 351 242
334 -239 377
486 -275 60
320 -93 522
8 28 741
133 431 -259
315 -49 330
41 773 -361
902 -554 153
357 436 -624
285 427 21
400 356 152
702 -412 -204
525 -90 519
192 -17 226
150 363 -482
150 523 308
549 286 80
156 488 101
244 535 -542
879 13 -299
769 -167 124
444 314 137
262 294 -192
845 -700 280
744 -65 -219
505 -48 -49
720 -195 332
279 -251 112
830 0 -250
696 -375 516
328 304 -602
284 -188 453
334 27 157
401 -224 245
948 -72 -460
455 161 313
699 -32 -317
425 429 -725
509 -398 -14
317 519 -296
167 244 331
643 164 -149
683 -20 -149
45 837 -543
460 -430 701
635 20 -51
962 -712 146
431 114 -158
939 -330 36
396 489 -110
500 -69 -359
600 -43 -547
67 482 -36
978 -527 231
104 436 -175
940 -533 -250
356 128 285
610 -532 765
835 -281 232
430 222 118
292 584 -431
321 51 57
125 745 -202
421 -36 597
569 -304 601
923 -527 133
967 -310 -200
783 -546 -170
391 529 -93
61 -28 831
907 88 -230
235 -221 516
603 342 -218
805 -293 -135
411 121 192
345 430 -456
712 173 -706
489 139 50
726 5 69
85 53 580
289 688 -728
278 -175 773
167 508 -638
221 349 -489
160 769 -913
314 265 -384
136 410 -24
663 229 -824
46 323 -308
860 101 -22
463 397 -658
782 -336 -404
995 -66 -56
970 -753 -97
326 154 348
231 168 218
231 416 -235
635 -177 541
497 -319 141
615 74 235
345 376 89
423 -35 -226
659 -498 320
928 -749 53
656 339 -703
468 311 61
376 418 -745
788 207 -929
736 -370 564
899 -269 35
826 -213 -67
776 -277 444
198 749 -669
722 -234 -135
446 -336 28
990 -763 729
935 -744 45
27 107 365
974 -671 -75
180 27 472
597 -39 218
366 -324 350
91 -71 470
761 -439 475
530 -509 555
314 333 -607
587 -516 263
889 -7 -548
97 818 -552
722 -101 107
121 -91 76
823 -747 690
434 -170 33
622 232 -833
804 -434 -365
923 -904 139
439 130 -116
927 -326 352
762 104 -585
965 -624 -122
28 911 -396
64 -50 301
422 497 -13
193 109 -289
619 -452 663
177 25 26
534 19 -48
794 110 -821
248 21 600
534 463 -933
545 57 7
916 -26 67
681 -70 -407
840 -542 624
905 -80 -440
126 -87 132
225 -17 -14
475 99 149
876 -329 127
365 373 186
830 127 -948
663 53 -80
120 134 484
615 129 -447
34 498 382
755 -36 -333
391 -177 620
542 -160 117
878 -26 -547
543 90 81
753 -142 257
107 353 -281
517 -498 488
561 -310 699
521 217 -313
582 -365 -120
159 534 -78
691 218 -822
258 -223 118
699 53 -705
459 433 -353
75 556 140
554 282 -537
552 83 -316
322 479 -321
595 309 65
247 734 -934
812 -750 604
913 -343 -507
554 13 -452
472 -293 734
650 -316 294
215 782 -353
75 -67 964
398 -61 455
607 -420 793
255 510 -250
365 27 146
317 335 315
128 219 317
95 803 -712
43 296 274
389 489 -267
320 -79 -224
402 412 -344
717 -16 -100
676 82 -376
681 -140 -498
10 443 365
911 -904 530
673 -404 414
409 -173 260
433 147 217
801 -644 448
785 -253 366
94 509 -438
897 -395 -59
471 -162 528
694 -521 512
629 -622 614
161 819 -534
105 672 -746
200 104 10
992 -560 5
851 -416 -22
638 -375 -97
323 429 -325
591 16 273
179 47 123
445 -277 531
483 226 -104
281 339 -343
26 146 106
220 164 545
709 253 -228
419 1 450
387 -63 452
309 536 -441
984 -254 -473
16 250 184
252 299 -312
782 -612 503
458 -275 -66
498 403 -224
769 -659 782
544 -499 447
566 -355 297
504 -158 -236
437 63 -182
675 252 -912
677 -370 622
328 170 -64
42 754 -796
128 348 -13
661 -36 -515
199 55 306
530 13 -539
95 428 -8
727 -77 -422
463 355 -157
157 280 458
738 -275 272
644 -172 51
393 -258 273
493 286 -469
930 -459 -41
146 694 131
556 257 -644
144 429 -108
97 649 156
315 -309 333
141 171 518
86 645 -509
384 -114 -117
758 -534 74
719 -655 607
267 13 185
426 -73 -119
537 -240 442
837 -726 572
790 -573 656
552 360 -59
862 -127 -201
533 -62 171
594 -190 441
838 -781 217
300 611 -107
800 -615 163
628 -322 574
791 5 -761
66 870 -110
295 653 -130
278 -33 14
669 -391 -129
327 -161 227
113 340 -105
906 91 -675
396 340 -525
292 484 12
59 416 240
618 223 -105
288 604 -307
925 -386 -192
95 -33 922
295 83 508
860 -179 207
645 -428 734
464 -104 261
304 -156 469
940 -148 -754
649 -372 657
100 512 319
461 -438 628
437 -213 664
