736.00 33.00
700.00 31.00
716.00 36.00
700.00 36.00
742.00 32.00
742.00 30.00
718.00 35.00
694.00 35.00
886.00 33.00
814.00 31.00
838.00 36.00
862.00 36.00
934.00 31.00
892.00 29.00
812.00 34.00
600.00 30.00
604.00 28.00
700.00 33.00
604.00 33.00
870.00 35.00
790.00 33.00
790.00 38.00
814.00 38.00
694.00 28.00
812.00 31.00
748.00 31.00
598.00 29.00
614.00 27.00
654.00 32.00
590.00 32.00
934.00 34.00
854.00 32.00
830.00 37.00
846.00 37.00
688.00 27.00
792.00 30.00
726.00 30.00
870.00 30.00
838.00 28.00
910.00 33.00
910.00 33.00
774.00 28.00
812.00 26.00
700.00 31.00
934.00 28.00
1014.00 33.00
958.00 31.00
926.00 36.00
856.00 26.00
828.00 29.00
564.00 32.00
500.00 30.00
532.00 35.00
532.00 35.00
582.00 31.00
542.00 29.00
542.00 34.00
526.00 34.00
702.00 32.00
614.00 30.00
646.00 35.00
694.00 35.00
804.00 30.00
692.00 28.00
644.00 33.00
482.00 29.00
530.00 32.00
490.00 32.00
754.00 34.00
634.00 32.00
642.00 37.00
682.00 37.00
604.00 27.00
700.00 30.00
724.00 30.00
496.00 28.00
516.00 31.00
480.00 31.00
886.00 33.00
742.00 31.00
726.00 36.00
750.00 36.00
614.00 26.00
724.00 29.00
702.00 29.00
698.00 29.00
650.00 27.00
706.00 32.00
754.00 32.00
706.00 27.00
594.00 30.00
838.00 27.00
994.00 32.00
934.00 30.00
866.00 35.00
812.00 25.00
804.00 28.00
552.00 29.00
500.00 27.00
548.00 32.00
564.00 32.00
700.00 27.00
932.00 32.00
844.00 32.00
582.00 28.00
542.00 26.00
566.00 31.00
558.00 31.00
742.00 26.00
934.00 31.00
838.00 31.00
678.00 29.00
614.00 27.00
654.00 32.00
726.00 32.00
790.00 27.00
692.00 25.00
676.00 30.00
814.00 27.00
982.00 32.00
1006.00 32.00
892.00 25.00
956.00 30.00
714.00 31.00
634.00 29.00
658.00 34.00
730.00 34.00
802.00 29.00
682.00 29.00
700.00 27.00
724.00 27.00
790.00 29.00
898.00 34.00
922.00 34.00
812.00 27.00
748.00 27.00
838.00 30.00
742.00 28.00
750.00 33.00
798.00 33.00
758.00 28.00
664.00 28.00
724.00 26.00
702.00 26.00
854.00 28.00
902.00 33.00
918.00 33.00
792.00 26.00
726.00 26.00
970.00 29.00
934.00 27.00
898.00 32.00
770.00 27.00
804.00 25.00
958.00 27.00
962.00 32.00
828.00 25.00
626.00 34.00
594.00 32.00
658.00 37.00
622.00 37.00
642.00 33.00
658.00 31.00
658.00 36.00
614.00 36.00
740.00 34.00
684.00 32.00
732.00 37.00
748.00 37.00
770.00 32.00
738.00 30.00
700.00 35.00
544.00 31.00
536.00 29.00
656.00 34.00
560.00 34.00
816.00 36.00
744.00 34.00
768.00 39.00
792.00 39.00
666.00 29.00
826.00 32.00
760.00 32.00
552.00 30.00
568.00 28.00
608.00 33.00
544.00 33.00
984.00 35.00
904.00 33.00
880.00 38.00
896.00 38.00
666.00 28.00
818.00 31.00
728.00 31.00
712.00 31.00
680.00 29.00
752.00 34.00
752.00 34.00
672.00 29.00
682.00 27.00
626.00 32.00
828.00 29.00
960.00 34.00
904.00 32.00
924.00 37.00
778.00 27.00
802.00 30.00
858.00 35.00
826.00 33.00
794.00 38.00
790.00 38.00
656.00 31.00
636.00 29.00
748.00 34.00
684.00 34.00
826.00 29.00
1042.00 34.00
940.00 32.00
924.00 37.00
686.00 30.00
702.00 28.00
742.00 33.00
678.00 33.00
1054.00 35.00
974.00 33.00
950.00 38.00
966.00 38.00
874.00 28.00
994.00 31.00
950.00 31.00
734.00 31.00
702.00 29.00
774.00 34.00
774.00 34.00
750.00 29.00
732.00 27.00
732.00 32.00
868.00 29.00
1014.00 34.00
958.00 32.00
988.00 37.00
874.00 27.00
940.00 30.00
696.00 32.00
712.00 30.00
752.00 35.00
688.00 35.00
936.00 37.00
856.00 35.00
832.00 40.00
848.00 40.00
762.00 30.00
818.00 33.00
776.00 33.00
840.00 33.00
808.00 31.00
880.00 36.00
880.00 36.00
912.00 31.00
892.00 29.00
844.00 34.00
918.00 31.00
1008.00 36.00
952.00 34.00
926.00 39.00
922.00 29.00
876.00 32.00
594.00 34.00
498.00 32.00
498.00 37.00
510.00 37.00
684.00 33.00
660.00 31.00
588.00 36.00
742.00 34.00
590.00 32.00
590.00 37.00
630.00 37.00
754.00 32.00
678.00 32.00
626.00 30.00
670.00 30.00
774.00 33.00
678.00 31.00
652.00 36.00
732.00 31.00
660.00 29.00
512.00 31.00
472.00 29.00
496.00 34.00
488.00 34.00
784.00 36.00
616.00 34.00
608.00 39.00
640.00 39.00
634.00 29.00
666.00 32.00
712.00 32.00
602.00 30.00
616.00 28.00
586.00 33.00
874.00 35.00
760.00 33.00
698.00 38.00
724.00 28.00
756.00 31.00
728.00 31.00
632.00 29.00
640.00 34.00
688.00 34.00
656.00 29.00
584.00 29.00
612.00 27.00
600.00 27.00
838.00 29.00
944.00 34.00
982.00 34.00
762.00 27.00
694.00 27.00
722.00 30.00
664.00 28.00
674.00 33.00
634.00 28.00
618.00 26.00
814.00 28.00
922.00 33.00
740.00 26.00
558.00 31.00
490.00 29.00
506.00 34.00
526.00 34.00
682.00 29.00
866.00 34.00
862.00 34.00
670.00 30.00
628.00 28.00
588.00 33.00
796.00 28.00
924.00 33.00
670.00 31.00
574.00 29.00
582.00 34.00
630.00 34.00
694.00 29.00
670.00 29.00
602.00 27.00
638.00 27.00
758.00 29.00
878.00 34.00
966.00 34.00
778.00 27.00
806.00 27.00
724.00 30.00
646.00 28.00
636.00 33.00
692.00 28.00
628.00 26.00
814.00 28.00
916.00 33.00
796.00 26.00
696.00 33.00
600.00 31.00
608.00 36.00
656.00 36.00
736.00 31.00
702.00 31.00
642.00 29.00
680.00 29.00
748.00 31.00
832.00 36.00
884.00 36.00
746.00 29.00
740.00 29.00
810.00 32.00
712.00 30.00
682.00 35.00
794.00 30.00
708.00 28.00
844.00 30.00
890.00 35.00
804.00 28.00
652.00 40.00
670.00 39.00
790.00 40.00
722.00 35.00
692.00 33.00
676.00 38.00
684.00 38.00
572.00 37.00
758.00 42.00
588.00 37.00
564.00 35.00
652.00 40.00
580.00 40.00
574.00 36.00
814.00 41.00
586.00 36.00
574.00 34.00
618.00 39.00
566.00 39.00
830.00 37.00
578.00 32.00
584.00 30.00
616.00 35.00
580.00 35.00
738.00 37.00
686.00 35.00
702.00 40.00
702.00 40.00
668.00 30.00
762.00 35.00
668.00 33.00
716.00 33.00
676.00 38.00
468.00 39.00
494.00 38.00
598.00 39.00
552.00 34.00
492.00 32.00
492.00 37.00
516.00 37.00
434.00 36.00
610.00 41.00
476.00 36.00
432.00 34.00
500.00 39.00
472.00 39.00
452.00 35.00
710.00 40.00
490.00 35.00
458.00 33.00
492.00 38.00
462.00 38.00
642.00 36.00
466.00 31.00
468.00 34.00
470.00 34.00
622.00 36.00
546.00 34.00
570.00 39.00
590.00 39.00
584.00 29.00
700.00 34.00
572.00 32.00
692.00 32.00
576.00 37.00
484.00 36.00
508.00 36.00
492.00 34.00
524.00 39.00
524.00 39.00
518.00 35.00
530.00 35.00
534.00 33.00
534.00 38.00
518.00 38.00
606.00 36.00
542.00 31.00
492.00 29.00
508.00 34.00
548.00 34.00
642.00 36.00
606.00 34.00
638.00 39.00
686.00 39.00
692.00 29.00
664.00 34.00
828.00 34.00
684.00 32.00
636.00 37.00
626.00 38.00
462.00 33.00
432.00 31.00
498.00 36.00
470.00 36.00
642.00 38.00
618.00 36.00
626.00 41.00
666.00 41.00
564.00 31.00
772.00 36.00
664.00 36.00
676.00 34.00
684.00 34.00
734.00 37.00
476.00 32.00
458.00 30.00
490.00 35.00
460.00 35.00
730.00 37.00
718.00 35.00
702.00 40.00
726.00 40.00
574.00 30.00
734.00 35.00
646.00 35.00
692.00 33.00
662.00 33.00
610.00 33.00
546.00 31.00
586.00 36.00
602.00 36.00
618.00 31.00
654.00 31.00
572.00 29.00
692.00 29.00
574.00 34.00
686.00 31.00
794.00 36.00
790.00 36.00
894.00 34.00
834.00 39.00
668.00 29.00
716.00 29.00
752.00 34.00
764.00 32.00
562.00 41.00
594.00 40.00
668.00 41.00
602.00 36.00
578.00 34.00
578.00 39.00
594.00 39.00
512.00 38.00
720.00 43.00
538.00 38.00
516.00 36.00
626.00 41.00
548.00 41.00
528.00 37.00
864.00 42.00
546.00 37.00
548.00 35.00
590.00 40.00
532.00 40.00
672.00 38.00
512.00 33.00
508.00 31.00
532.00 36.00
524.00 36.00
640.00 38.00
600.00 36.00
640.00 41.00
636.00 41.00
626.00 31.00
666.00 36.00
602.00 34.00
708.00 34.00
614.00 39.00
762.00 42.00
620.00 38.00
568.00 38.00
546.00 36.00
610.00 41.00
562.00 41.00
662.00 37.00
934.00 42.00
590.00 37.00
582.00 35.00
606.00 40.00
562.00 40.00
694.00 38.00
626.00 33.00
612.00 31.00
628.00 36.00
648.00 36.00
664.00 38.00
622.00 36.00
670.00 41.00
670.00 41.00
794.00 31.00
686.00 36.00
662.00 34.00
900.00 34.00
632.00 39.00
672.00 39.00
816.00 44.00
678.00 39.00
652.00 37.00
698.00 42.00
652.00 42.00
800.00 40.00
516.00 35.00
508.00 33.00
568.00 38.00
532.00 38.00
702.00 40.00
648.00 38.00
672.00 43.00
676.00 43.00
610.00 33.00
882.00 38.00
682.00 36.00
676.00 36.00
796.00 41.00
534.00 34.00
550.00 32.00
590.00 37.00
526.00 37.00
894.00 39.00
814.00 37.00
790.00 42.00
806.00 42.00
630.00 32.00
746.00 35.00
674.00 35.00
694.00 35.00
662.00 33.00
734.00 38.00
734.00 38.00
654.00 33.00
664.00 31.00
608.00 36.00
792.00 33.00
906.00 38.00
850.00 36.00
852.00 41.00
742.00 31.00
748.00 34.00
466.00 41.00
544.00 37.00
468.00 35.00
488.00 40.00
466.00 40.00
574.00 41.00
542.00 36.00
470.00 34.00
470.00 39.00
470.00 39.00
662.00 37.00
550.00 35.00
570.00 40.00
564.00 40.00
704.00 35.00
648.00 35.00
596.00 33.00
620.00 33.00
532.00 38.00
448.00 38.00
592.00 43.00
506.00 38.00
440.00 36.00
466.00 41.00
464.00 41.00
462.00 34.00
432.00 32.00
486.00 37.00
434.00 37.00
734.00 39.00
596.00 37.00
598.00 42.00
606.00 42.00
584.00 32.00
596.00 37.00
656.00 35.00
532.00 35.00
556.00 40.00
624.00 38.00
456.00 33.00
452.00 36.00
432.00 36.00
618.00 38.00
540.00 36.00
538.00 41.00
576.00 41.00
574.00 31.00
650.00 36.00
578.00 36.00
536.00 34.00
540.00 34.00
638.00 34.00
572.00 32.00
610.00 37.00
590.00 37.00
606.00 32.00
554.00 32.00
572.00 30.00
560.00 30.00
498.00 35.00
758.00 32.00
894.00 37.00
654.00 37.00
608.00 35.00
590.00 40.00
712.00 30.00
664.00 30.00
628.00 35.00
560.00 33.00
474.00 38.00
514.00 38.00
482.00 36.00
482.00 41.00
494.00 41.00
518.00 34.00
460.00 32.00
496.00 37.00
480.00 37.00
652.00 32.00
856.00 37.00
586.00 37.00
620.00 35.00
564.00 40.00
566.00 38.00
518.00 33.00
462.00 31.00
478.00 36.00
486.00 36.00
634.00 38.00
566.00 36.00
566.00 41.00
606.00 41.00
654.00 31.00
630.00 36.00
590.00 36.00
594.00 34.00
630.00 34.00
610.00 34.00
534.00 32.00
562.00 37.00
562.00 37.00
654.00 32.00
630.00 32.00
572.00 30.00
588.00 30.00
532.00 35.00
718.00 32.00
858.00 37.00
658.00 37.00
638.00 35.00
620.00 40.00
748.00 30.00
756.00 30.00
628.00 35.00
620.00 33.00
592.00 40.00
478.00 35.00
432.00 33.00
456.00 38.00
454.00 38.00
624.00 40.00
584.00 38.00
576.00 43.00
608.00 43.00
566.00 33.00
706.00 38.00
678.00 38.00
618.00 36.00
648.00 36.00
666.00 36.00
580.00 34.00
598.00 39.00
618.00 39.00
726.00 34.00
550.00 34.00
632.00 32.00
540.00 32.00
538.00 37.00
728.00 34.00
822.00 39.00
682.00 39.00
696.00 37.00
650.00 42.00
736.00 32.00
620.00 32.00
764.00 37.00
684.00 35.00
638.00 35.00
542.00 33.00
550.00 38.00
598.00 38.00
602.00 33.00
548.00 33.00
540.00 31.00
546.00 31.00
694.00 33.00
782.00 38.00
838.00 38.00
654.00 31.00
622.00 31.00
686.00 34.00
610.00 32.00
602.00 37.00
598.00 32.00
564.00 30.00
742.00 32.00
814.00 37.00
668.00 30.00
644.00 42.00
548.00 44.00
550.00 43.00
552.00 39.00
662.00 44.00
566.00 39.00
544.00 37.00
580.00 42.00
556.00 42.00
460.00 41.00
416.00 43.00
434.00 42.00
420.00 38.00
530.00 43.00
460.00 38.00
418.00 36.00
444.00 41.00
452.00 41.00
460.00 43.00
486.00 42.00
476.00 38.00
590.00 43.00
498.00 38.00
484.00 36.00
484.00 41.00
508.00 41.00
414.00 40.00
594.00 45.00
456.00 40.00
424.00 38.00
492.00 43.00
464.00 43.00
432.00 39.00
686.00 44.00
470.00 39.00
450.00 37.00
484.00 42.00
454.00 42.00
538.00 40.00
446.00 35.00
442.00 38.00
450.00 38.00
562.00 40.00
530.00 38.00
554.00 43.00
574.00 43.00
544.00 33.00
600.00 38.00
636.00 38.00
548.00 36.00
652.00 36.00
568.00 41.00
546.00 43.00
500.00 45.00
516.00 44.00
484.00 40.00
584.00 45.00
506.00 40.00
488.00 38.00
514.00 43.00
512.00 43.00
514.00 45.00
542.00 44.00
596.00 40.00
606.00 45.00
550.00 40.00
530.00 38.00
530.00 43.00
542.00 43.00
636.00 46.00
484.00 42.00
624.00 47.00
508.00 42.00
488.00 40.00
550.00 45.00
516.00 45.00
510.00 41.00
774.00 46.00
528.00 41.00
522.00 39.00
572.00 44.00
514.00 44.00
654.00 42.00
494.00 37.00
490.00 35.00
514.00 40.00
506.00 40.00
620.00 42.00
582.00 40.00
622.00 45.00
614.00 45.00
590.00 35.00
648.00 40.00
584.00 38.00
654.00 38.00
596.00 43.00
436.00 44.00
438.00 43.00
534.00 44.00
532.00 39.00
460.00 37.00
460.00 42.00
458.00 42.00
424.00 45.00
408.00 41.00
572.00 46.00
456.00 41.00
406.00 39.00
456.00 44.00
416.00 44.00
404.00 40.00
522.00 45.00
450.00 40.00
402.00 38.00
428.00 43.00
414.00 43.00
564.00 41.00
446.00 36.00
418.00 34.00
442.00 39.00
420.00 39.00
570.00 41.00
500.00 39.00
518.00 44.00
514.00 44.00
564.00 34.00
600.00 39.00
548.00 39.00
506.00 37.00
502.00 37.00
480.00 42.00
450.00 45.00
444.00 41.00
474.00 41.00
452.00 39.00
472.00 44.00
450.00 44.00
446.00 40.00
550.00 45.00
474.00 40.00
454.00 38.00
454.00 43.00
454.00 43.00
526.00 41.00
508.00 36.00
452.00 34.00
468.00 39.00
472.00 39.00
574.00 41.00
526.00 39.00
546.00 44.00
540.00 44.00
644.00 34.00
590.00 39.00
560.00 39.00
564.00 37.00
580.00 37.00
508.00 42.00
414.00 42.00
560.00 47.00
472.00 42.00
424.00 40.00
450.00 45.00
448.00 45.00
572.00 43.00
438.00 38.00
402.00 36.00
446.00 41.00
410.00 41.00
594.00 43.00
564.00 41.00
566.00 46.00
574.00 46.00
536.00 36.00
696.00 41.00
540.00 41.00
608.00 39.00
520.00 39.00
532.00 44.00
534.00 42.00
436.00 37.00
426.00 40.00
412.00 40.00
578.00 42.00
532.00 40.00
530.00 45.00
568.00 45.00
534.00 35.00
596.00 40.00
542.00 40.00
528.00 38.00
532.00 38.00
578.00 38.00
502.00 36.00
530.00 41.00
528.00 41.00
562.00 36.00
518.00 36.00
510.00 34.00
506.00 34.00
478.00 39.00
654.00 36.00
762.00 41.00
614.00 41.00
600.00 39.00
582.00 44.00
624.00 34.00
592.00 34.00
592.00 39.00
552.00 37.00
528.00 46.00
402.00 45.00
452.00 45.00
408.00 47.00
426.00 46.00
400.00 42.00
514.00 47.00
440.00 42.00
410.00 40.00
436.00 45.00
444.00 45.00
472.00 47.00
498.00 47.00
472.00 49.00
498.00 48.00
466.00 44.00
566.00 49.00
488.00 44.00
470.00 42.00
496.00 47.00
494.00 47.00
428.00 46.00
390.00 48.00
386.00 47.00
394.00 43.00
484.00 48.00
440.00 43.00
392.00 41.00
418.00 46.00
402.00 46.00
420.00 48.00
422.00 47.00
436.00 43.00
510.00 48.00
464.00 43.00
444.00 41.00
444.00 46.00
442.00 46.00
408.00 49.00
384.00 45.00
540.00 50.00
432.00 45.00
394.00 43.00
440.00 48.00
404.00 48.00
514.00 49.00
430.00 44.00
394.00 42.00
420.00 47.00
406.00 47.00
494.00 45.00
426.00 40.00
416.00 43.00
400.00 43.00
530.00 45.00
492.00 43.00
510.00 48.00
506.00 48.00
524.00 38.00
556.00 43.00
512.00 43.00
498.00 41.00
494.00 41.00
472.00 46.00
394.00 49.00
454.00 51.00
376.00 50.00
412.00 50.00
378.00 52.00
378.00 51.00
476.00 52.00
420.00 47.00
384.00 45.00
410.00 50.00
394.00 50.00
